$ANSIBLE_VAULT;1.1;AES256
62653862633866376330383661376638313033306231653463646538313338336163336361363066
3964366630646261333436626566623463346130393463300a373766666364633937333739323631
66663834323637353230623065646264643966333335623835356564346633313037623838393261
6535306635643261360a666336383339393833366635323931613632666661393566633139386363
64393939363430373533613833316434393930323463396163653161386636303433633731393734
64363033363430333137623839303863633836323635363537336136333636626636633664353864
66636661666365373938616439386463653735623137373735376466313965306237323366303538
35316263363261393165633730653361313734373965383032333530386337343066656338383763
64326538343963323364383938376434373339343135306332643162396437316236623361373931
64303765643765303130656536346431613139306437666638373765346263393264363431313864
62376566363236396538376662643331366438613839613434346266393030373330383365333530
34346531396236613266386265616633306630346531643964653161396230636536326364343036
64366235346432623238333765626665613564653836363966623763663130383831613533643236
34363766323662653139323633376331336266666535373838356661613630376432393161333333
30373634636530383732366438343265363432303035356465666536313362623063613664373930
38363531333365326433356437373031393466393137363961356263353764636164343336636339
38643234613238323964346635363037343236366463363930373735333039323865346565313063
66653037303438333336353465626532353466613932316463353432366436336164313563386366
35316236623533343932313634623935636631383861656634623538613264396463636161333361
65623537643538363639393731376632316136643630366465653432383433663034643439373831
62653062616161386666393132346336333161376239666639643634323531663534356436353563
35646663363439636433353335613362613266653037326331326231303931343865653066376131
35633630666235373632306631353066336164396439613363383763363030373230383838646433
35303033343162626530636636396232306264613738363536373839643763633563363830646231
39616236383836363532306633303931313163303565353562313239653462366435363961633033
32386334373461656262663566366266363364656561356164333064346330373932333536323039
65313864386631663133653932646535313832313861336236663066366530313639353333616164
66663635383063316437396263386439666262396466366564346532316433306332316465373631
6163
