$ANSIBLE_VAULT;1.1;AES256
61313331333333616263636435626133323835626661643137633666373965376337643766333837
3139363434656537653265653830353039613032393664630a376363333231323562356633336332
36346431346134613132613364613034656332653963653731356563356231643931626665636166
3136383239633637320a623565343037633931393361643061383461356664373531333538313965
64616235393665346366316331613464636565633334393235646333646161643065316233313636
36653835313866616666353766393166353363323238333433653565393361653961343064363138
63363833373530383138343132633033306130336366636239326533393036356530393666306266
63616166363633353532613861343161363337333238656333333438333064383062643064323733
31353730363966313136353562396338653066663131613730636630343362383430663536663462
37643162326138316363623634356139333333646139353536653766643062356464383361376632
64366461623865386337663733316464303666386666383234366266363762653233363366353139
37636335333931653061386462613062346363306435623839643139663438313061636530323837
63636565366666396637316162616563386233316565333163333764653038363634613135663562
3535636361653162323934613861323961333633613231616437
